depth_min:-0.0439407
depth_max:0.0535983
depth_map_range:0.107197
depth_midpoint:0.5
