depth_min:-0.0469655
depth_max:0.0415048
depth_map_range:0.0939311
depth_midpoint:0.5
